46 46 1 63
1 2 2 3 4 4 2 2 3 4 4 2 2 3 4 4 2 2 3 4 4 2 2 3 4 4 2 2 4 5 4 2 2 3 4 4 2 2 3 4 4 2 2 3 4 5 
2 2 2 3 4 4 2 2 3 4 5 5 3 3 4 4 2 2 3 4 4 2 2 4 5 4 2 2 4 5 4 2 2 3 4 5 5 3 3 4 4 2 2 3 4 5 
3 2 2 3 4 4 2 2 3 4 45 45 3 3 4 4 2 2 3 4 4 2 2 4 5 4 2 2 4 5 4 2 2 3 4 5 5 3 3 4 4 2 2 3 4 5 
4 3 3 4 4 4 2 2 4 5 45 45 3 3 4 4 2 2 3 4 4 2 2 4 5 4 2 2 4 35 4 2 2 3 4 5 5 3 3 4 4 2 2 3 4 5 
5 4 3 4 4 4 2 2 4 5 5 5 3 3 4 4 2 2 3 4 4 2 2 4 5 4 2 2 4 35 5 2 2 3 4 4 2 2 3 4 4 2 2 3 4 5 
6 5 3 4 4 4 2 2 4 5 5 2 2 3 4 5 5 3 3 4 4 2 2 4 5 4 5 3 12 35 5 2 2 3 4 4 2 2 4 5 4 2 2 3 4 5 
7 2 2 3 4 4 2 2 4 5 5 2 2 3 4 5 5 3 3 4 4 2 2 4 5 4 5 3 4 5 5 2 2 3 4 4 2 2 4 5 4 2 2 3 4 5 
8 2 2 3 4 4 2 2 4 5 5 2 2 3 4 5 5 3 3 4 4 5 3 38 5 5 5 3 4 5 5 2 2 3 4 4 2 2 4 5 4 2 2 3 4 5 
9 8 3 4 5 4 2 2 4 5 4 2 2 3 4 4 2 2 3 4 5 5 38 48 48 5 2 2 4 5 5 2 2 3 4 4 2 2 3 4 4 2 2 3 4 5 
9 2 3 4 5 5 5 3 3 4 4 2 2 3 4 4 2 2 3 4 5 33 38 48 48 48 5 3 4 5 5 2 2 3 4 4 2 2 3 4 4 2 2 3 4 5 
2 2 3 4 5 5 5 3 3 4 4 2 2 3 4 4 2 2 3 5 48 48 33 41 48 48 48 43 4 5 5 5 3 3 4 4 2 2 3 5 5 2 2 3 4 5 
2 2 2 3 4 45 45 3 3 4 4 2 2 3 4 4 2 2 4 8 48 33 8 8 41 48 48 8 8 5 5 5 3 3 4 4 2 2 3 5 5 2 2 3 4 5 
3 3 3 4 24 45 45 29 4 5 5 5 3 4 5 5 5 4 48 48 48 48 38 35 35 35 34 31 28 8 19 19 19 4 5 5 5 3 13 5 5 2 2 3 5 5 
4 5 21 21 23 27 28 28 4 5 5 5 3 4 5 5 38 48 48 48 48 48 41 41 35 34 34 32 31 28 25 5 3 4 5 5 5 3 4 5 5 5 3 4 5 5 
5 6 21 21 5 5 5 3 4 5 5 5 3 4 5 35 48 48 48 48 48 48 48 48 48 48 48 48 48 48 28 24 3 4 5 5 5 3 4 5 4 5 3 4 5 5 
6 5 3 4 5 5 2 2 3 4 4 2 2 3 4 5 48 48 48 48 48 48 48 48 48 48 48 48 48 48 48 5 3 3 4 4 2 2 3 4 4 5 3 4 4 5 
7 2 2 3 5 5 2 2 3 4 4 2 2 3 5 48 48 48 48 48 48 48 48 48 48 48 48 48 48 48 48 48 3 4 4 4 2 2 3 4 4 2 2 3 4 5 
8 2 2 3 5 5 5 3 4 4 4 2 2 4 48 48 48 48 48 48 48 48 48 48 48 48 48 48 48 48 48 48 48 4 5 4 2 2 3 4 4 2 2 4 5 5 
9 2 2 3 4 4 5 3 4 4 4 5 3 48 48 48 48 48 48 48 48 48 48 48 48 48 48 48 48 48 48 48 48 48 5 5 5 3 4 4 4 2 2 4 5 5 
9 2 3 4 4 4 5 3 4 4 5 5 48 48 48 48 48 48 48 48 48 48 48 48 48 48 48 48 48 48 48 48 48 48 48 5 5 3 4 4 5 5 3 4 5 5 
2 2 3 4 4 4 5 3 4 4 5 48 48 48 48 48 48 48 48 48 48 48 48 48 48 48 48 48 48 47 48 48 48 48 48 48 48 3 4 4 5 5 3 3 5 5 
2 3 21 22 5 5 12 12 12 30 34 48 48 48 48 48 48 48 48 48 48 48 48 48 48 48 48 48 31 28 28 48 48 48 48 48 48 16 4 5 5 5 3 3 5 5 
3 3 3 4 5 5 5 28 30 48 48 48 48 48 48 48 48 48 48 58 58 48 48 41 48 48 48 48 30 25 28 48 48 48 48 48 48 48 16 5 4 2 2 3 5 5 
4 4 21 23 27 28 29 42 43 48 48 48 48 48 48 48 48 48 48 58 58 48 46 45 45 48 48 32 30 28 30 48 48 48 48 48 48 48 48 38 5 5 3 4 5 5 
5 2 2 4 5 5 5 43 48 48 48 48 48 48 48 48 48 48 48 48 58 48 48 48 48 48 48 48 28 28 48 48 48 48 48 48 48 48 48 48 5 5 3 4 5 5 
6 2 2 4 5 5 5 42 48 48 48 48 48 48 48 48 48 48 48 48 48 48 48 48 48 48 48 48 48 30 48 48 48 48 48 48 48 48 48 38 5 5 3 4 5 5 
7 2 2 3 4 5 5 3 4 48 48 48 48 48 48 48 48 48 48 48 48 48 48 48 48 48 48 48 48 8 8 48 48 48 48 48 48 48 4 5 5 5 3 3 4 5 
8 2 2 3 4 5 5 3 3 5 48 48 48 48 48 48 48 48 48 48 48 48 48 48 48 48 48 48 48 8 8 8 48 48 48 48 48 3 4 4 5 5 3 3 4 5 
9 2 2 3 4 5 5 3 3 4 5 48 48 48 48 48 48 48 48 48 48 48 48 48 48 48 48 48 48 48 8 8 48 48 48 48 5 3 3 4 5 5 3 4 4 5 
9 9 3 4 5 5 5 3 4 5 30 35 48 48 48 48 48 48 48 48 48 48 48 48 48 48 48 48 48 48 28 24 24 48 48 20 16 3 4 5 4 5 3 4 5 5 
2 2 3 4 5 5 5 3 4 5 5 32 35 48 48 48 48 48 48 48 48 48 48 48 48 48 48 48 48 48 48 25 24 24 22 18 5 3 4 5 5 5 3 4 5 5 
3 3 11 4 5 5 5 3 4 5 5 5 34 35 48 48 48 48 48 48 48 48 48 48 48 48 48 48 48 48 48 25 22 20 18 5 5 3 4 5 5 2 2 3 5 5 
3 2 3 3 4 4 2 2 3 4 4 2 2 4 48 48 48 48 48 48 48 48 48 48 48 48 48 48 48 48 48 48 8 4 5 4 2 2 3 5 5 2 2 3 4 5 
4 3 3 3 5 5 5 3 4 4 4 2 2 3 5 48 48 48 43 48 48 48 48 48 48 48 48 48 48 48 48 8 3 4 4 4 2 2 3 4 4 2 2 3 4 5 
5 2 2 3 5 5 5 3 4 4 4 2 2 3 4 5 41 42 43 43 40 8 8 8 42 43 43 8 28 28 28 4 3 3 4 4 2 2 3 4 4 2 2 3 4 5 
6 2 2 3 5 5 5 3 4 4 5 5 3 3 4 4 5 4 48 48 8 4 4 4 4 4 8 8 8 5 4 2 2 3 4 4 2 2 3 4 4 2 2 3 4 5 
7 2 2 3 4 4 2 2 3 4 5 5 3 3 4 4 5 3 48 48 48 38 8 5 8 48 48 38 8 5 5 2 2 3 4 4 2 2 3 4 4 2 2 3 4 5 
8 2 2 3 4 4 5 3 4 4 5 5 3 3 4 4 2 2 4 48 48 48 48 38 48 48 48 48 4 5 4 2 2 3 4 4 2 2 3 4 4 2 2 3 4 5 
9 2 2 3 4 4 5 3 4 4 4 2 2 3 4 4 2 2 3 5 48 48 48 48 48 48 48 3 4 4 4 2 2 3 4 4 2 2 3 4 4 2 2 3 4 5 
9 2 2 4 5 5 5 3 4 4 4 5 3 4 4 4 2 2 3 4 5 48 48 48 48 48 5 3 3 4 4 2 2 3 4 4 2 2 3 4 4 2 2 3 4 5 
2 2 2 4 43 5 2 2 3 4 5 12 3 4 4 4 2 2 3 4 5 5 48 48 48 5 2 2 3 4 4 2 2 3 4 4 2 2 3 4 4 2 2 3 4 5 
2 2 2 43 44 44 5 3 3 4 5 12 3 4 4 4 2 2 3 4 4 5 48 48 48 5 2 2 3 4 4 2 2 3 5 5 2 2 3 4 4 2 2 3 4 5 
3 2 2 43 43 5 5 3 3 4 5 5 3 4 5 5 2 2 3 4 4 2 2 4 5 4 2 2 3 4 4 2 2 4 5 5 2 2 4 5 4 2 2 4 5 5 
4 2 2 43 43 11 5 3 3 5 5 2 2 3 5 5 2 2 3 4 4 2 2 4 5 4 2 2 3 4 4 2 2 4 5 5 2 2 4 5 4 2 2 4 5 5 
5 2 2 4 5 5 5 3 3 5 5 2 2 3 5 5 2 2 3 4 4 2 2 4 5 4 2 2 3 4 4 2 2 4 5 5 2 2 4 5 4 2 2 4 5 5 
6 2 2 4 5 5 5 3 3 5 5 2 2 3 4 4 2 2 3 4 4 2 2 4 5 4 2 2 3 4 4 2 2 3 4 4 2 2 3 4 4 2 2 3 4 5 
